1 66
2 66
3 66
4 66 1610
5 66
6 66
7 66
8 65
9 66
15 66
19 66
24 66
30 66
31 66
37 66
38 66
40 66
42 66
45 66
46 66
47 66
51 66
55 66
65 8 1610
66 1 2 3 4 5 6 7 9 15 19 24 30 31 37 38 40 42 45 46 47 51 55 66 67 82 90 91 92 94 111 112 120 138 161 210 211 213 214 301 314 336 344 352 404 416 417 419 431 439 440 688 829 831 835 928 1024 1048 1080 1218 1920 1992 2024 2099 6510 8107 8311 13122 13810 14512 22191 26496 31913 50101 61610 90214 92810 96283 120703 161010 199999 751263 831110
67 66
82 66
90 66
91 66
92 66
94 66
111 66
112 66
120 66
138 66
161 66
210 66
211 66
213 66
214 66
301 66
314 66
336 66
344 66
352 66
404 66
416 66
417 66
419 66
431 66
439 66
440 66
688 66
829 66
831 66
835 66
928 66
1024 66
1048 66
1080 66
1218 66
1610 4 65
1920 66
1992 66
2024 66
2099 66
6510 66
8107 66
8311 66
13122 66
13810 66
14512 66
22191 66
26496 66
31913 66
50101 66
61610 66
90214 66
92810 66
96283 66
120703 66
161010 66
199999 66
751263 66
831110 66
